15
218
245
246
293
369
414
417
417
422
441
441
482
483
494
506
509
513
519
519
521
546
553
578
596
604
624
632
633
643
646
649
649
654
666
669
703
704
709
713
723
737
740
746
748
752
781
795
796
818
819
848
854
883
889
895
899
902
921
924
928
932
950
951
973
976
985
988
988
996
1013
1025
1027
1028
1045
1050
1055
1056
1057
1078
1079
1120
1122
1138
1138
1153
1161
1173
1174
1175
1186
1189
1208
1208
1223
1238
1290
1297
1315
1325
1340
1349
1365
1368
1369
1370
1383
1400
1402
1406
1416
1423
1440
1444
1448
1463
1466
1488
1523
1528
1577
1598
1608
1622
1627
1641
1649
1651
1666
1672
1710
1714
1717
1718
1733
1744
1747
1780
1796
1800
1801
1809
1871
1887
1939
1950
1965
1983
1984
2040
2054
2057
2069
2108
2140
2143
2176
2179
2228
2253
2279
2339
2354
2433
2469
2470
2478
2479
2482
2549
2641
2647
2677
2681
2685
2686
2705
2727
2784
2802
2903
2912
2913
2921
2966
3000
3004
3114
3152
3173
3190
3206
3400
3400
3431
3561
3610
3645
3688
3703
3717
3744
3761
3852
3875
3940
3954
4061
4090
4164
4248
4267
4377
4380
4469
4477
4492
4629
4644
4658
4734
4804
4847
4860
5031
5205
5463
5538
5610
5692
5696
5778
5876
6037
6093
6159
6182
6198
6286
6320
6348
6383
6410
6414
6448
6515
6645
6706
6747
6853
6863
6910
6963
7045
7135
7150
7194
7214
7215
7299
7411
7427
7457
7460
7569
7573
7650
7713
7724
7748
7991
7993
8026
8095
8108
8271
8282
8308
8367
8547
8638
8711
8748
8750
8799
8861
8932
9107
9166
9180
9228
9439
9441
9635
9667
9775
9938
10059
10331
10726
10870
10903
10982
11006
11042
11138
11484
11642
11790
11921
12056
12062
12284
12496
12713
12923
13077
13119
13154
13257
13592
13715
13732
13928
13998
14044
14148
14487
14595
14713
14759
14760
14790
14909
14950
14983
15444
15452
15600
16007
16103
16253
16433
16625
17223
17442
17603
17739
17989
18375
19724
20367
20695
21651
22863
25108
25308
25602
25617
26103
26195
26351
26590
28332
29296
29578
30628
30807
30891
32087
32600
33378
33516
34045
34207
34215
34439
35062
35242
36316
36377
36600
37878
37959
38440
38593
38651
39150
39284
40603
40887
40890
41035
41038
42218
42577
43048
43259
43764
44882
45243
45736
46133
47553
47933
48303
49157
49239
49771
50160
50855
50912
51083
51520
52760
54870
55099
55424
55729
57699
57802
58969
59317
62789
63634
64347
67183
67885
70117
70514
71295
73676
73746
74753
74994
75350
77444
77894
78654
84544
86141
87651
88938
89209
93522
94105
95047
95648
99185
100111
102810
103015
105624
108797
109436
109669
113584
114617
116448
124052
128525
131189
133007
133531
135216
135354
135767
138474
139524
141730
141849
142038
144142
144924
148022
149792
150328
153866
156871
160164
160460
160632
163356
166581
169250
170867
171807
178390
180130
181422
182424
182878
189701
208223
213932
243858
244116
244928
249510
256526
258961
261822
262666
274381
275612
281954
282257
290527
300470
305387
305847
306070
313021
316102
330439
330539
331626
334582
347555
347972
348645
348662
354712
357732
363017
364948
374651
381059
383983
397575
405114
407567
412351
419159
448411
450694
466403
470099
486926
492223
508221
509575
524774
536523
571755
572338
581250
582817
583120
593416
620318
625837
643520
652238
664375
690485
698612
738755
823456
840026
846120
940680
966465
994924
1002773
1025833
1136113
1182455
1189535
1285020
1315939
1318264
1327029
1340234
1370934
1397121
1411010
1469621
1492257
1520999
1648918
1829903
1905841
1999156
2046044
2049763
2335094
2404034
2423051
2611076
2674785
2813282
2869342
2985568
3004152
3909895
3922157
4645907
4718198
5367939
6152593
6607392
7227188
7497284
8285974
9497293
11019163
12190064
13700078
13917197
14100989
15176419
15834029
28250780
28480579
29639699
37714120
52725404
58224159
96223928
137091081
180918694
